# Primero viene la cantidad (n) de timestamps para ambos, luego n líneas que son un timestamp aproximado cada uno separado por una coma (',') del error, y luego n lineas de las transacciones del sospechoso
100
1830, 62
1982, 18
5736, 23
5876, 18
6169, 11
6892, 15
6944, 18
4745, 19
4857, 14
4945, 20
7410, 21
7543, 19
2897, 26
89, 8
255, 12
349, 15
503, 20
712, 17
1349, 20
1461, 16
1585, 11
7150, 16
6064, 22
3854, 16
3989, 21
4115, 17
4255, 10
7235, 10
7012, 13
4498, 11
2580, 22
6270, 16
8895, 18
1703, 14
3025, 12
10350, 11
7630, 22
6489, 15
6542, 18
10225, 15
9370, 22
9456, 14
10790, 20
4560, 9
6700, 13
6781, 11
7375, 14
11110, 15
11210, 32
5948, 10
4330, 25
2618, 13
2780, 19
8547, 16
8654, 14
8760, 21
7910, 14
10007, 22
10150, 19
9531, 19
9642, 16
10678, 16
2118, 30
2265, 15
2391, 20
7748, 17
7833, 12
6400, 20
10910, 14
11000, 11
5091, 16
8151, 16
8227, 11
8329, 10
8400, 19
10420, 13
10565, 15
9117, 16
9230, 12
3181, 17
3307, 22
3445, 18
3589, 14
3741, 19
5501, 15
5628, 12
847, 13
934, 20
1030, 18
1270, 25
8944, 25
9010, 13
9756, 14
9830, 18
9965, 13
5224, 13
5383, 19
11330, 18
11430, 33
8042, 18
91
248
356
514
698
835
921
1042
1284
1367
1452
1590
1715
1862
1999
2135
2270
2405
2578
2631
2782
2909
3017
3193
3324
3452
3598
3745
3866
4007
4132
4264
4314
4489
4561
4728
4850
4956
5104
5221
5372
5503
5619
5742
5890
5938
6051
6159
6273
6394
6486
6557
6692
6785
6891
6933
7019
7144
7226
7380
7427
7554
7646
7753
7842
7921
8050
8154
8231
8320
8412
8563
8640
8769
8891
8948
9021
9129
9234
9362
9445
9550
9658
9764
9842
9962
10013
10145
10235
10360
10429
10576
10681
10794
10903
11009
11108
11234
11342
11447