# Primero viene la cantidad (n) de timestamps para ambos, luego n líneas que son un timestamp aproximado cada uno separado por una coma (',') del error, y luego n lineas de las transacciones del sospechoso
30
1890,7
1565,10
590,11
2445,14
3105,7
245,12
2335,9
3320,10
1785,9
2110,10
2220,11
355,9
1120,6
3210,9
475,15
1235,9
2995,11
1340,11
1678,13
1010,8
890,10
135,8
685,7
2555,7
2880,10
2660,12
2770,8
790,13
1450,14
2000,8
128
234
349
470
590
680
790
900
1010
1120
1230
1345
1455
1565
1675
1780
1895
2000
2115
2225
2335
2440
2555
2665
2775
2880
2995
3105
3215
3325