# Primero viene la cantidad (n) de timestamps para ambos, luego n líneas que son un timestamp aproximado cada uno separado por una coma (',') del error, y luego n lineas de las transacciones del sospechoso
30
1275, 25
260, 12
1460, 16
915, 10
705, 17
845, 13
87, 8
1025, 18
1360, 20
3185, 17
3460, 18
530, 20
2775, 19
2580, 22
1980, 18
2295, 15
355, 15
2390, 20
3030, 12
2625, 13
1580, 11
2900, 26
3735, 19
4012, 100
3300, 22
2140, 30
3590, 14
1720, 14
3865, 16
1860, 22
91
248
356
514
698
835
921
1042
1284
1367
1452
1590
1715
1862
1999
2135
2290
2405
2578
2631
2782
2909
3017
3193
3324
3452
3598
3745
3876
3902
