# Primero viene la cantidad (n) de timestamps para ambos, luego n líneas que son un timestamp aproximado cada uno separado por una coma (',') del error, y luego n lineas de las transacciones del sospechoso
50
2005,23
340,9
1455,17
1345,11
560,13
3765,12
1010,18
1235,20
890,14
1565,24
2665,20
5305,18
1125,12
2445,27
1785,16
3985,22
2115,14
2225,19
455,28
2555,16
2885,15
4315,19
3105,11
4095,13
3215,17
1675,13
3435,10
120,15
3325,14
4645,10
1895,18
670,19
3545,21
3000,2700
3875,28
780,25
4205,20
2335,21
4425,15
5415,16
4535,18
230,22
4755,27
4865,14
4975,12
5085,21
5195,17
2775,22
3655,19
2995,29
127
235
333
450
560
675
780
895
1005
1120
1230
1340
1455
1570
1680
1790
1900
2010
2120
2230
2340
2450
2560
2670
2780
2890
3000
3110
3220
3330
3440
3550
3660
3770
3880
3990
4100
4210
4320
4430
4540
4650
4760
4870
4980
5090
5200
5310
5420
5530